1010011001000000
1010011101000000
1010001001000000
0000001000100111
1010000100000011
0101000100100001
1010000100000001
0101000101110001
1010001011001010
0101000100100001
1010000111001110
0101010100010001
1010000111001111
0101010000010001
1010001000000011
0101001000000001
1010000100000001
1010001000001100
0101001000010001
1010000100000010
1010001000110000
0101001000010001
1010000100000011
1010001011000000
0101001000010001
1010001011011111
0101000100100001
1010001000000100
1010000100000001
0101000100100001
1000001000000001
1010000100000010
0101000100100001
1000001000000001
1010000100000100
0101000100100001
1000001000000001
1010000100001000
0101000100100001
1000001000000001
1010000100010000
0101000100100001
1000001000000001
1010000100100000
0101000100100001
1000001000000001
1010000101000000
0101000100100001
1000001000000001
1010000110000000
0101000100100001
1010000111001101
1010001000000011
0101001000010001
1010001011011011
0101000100100000
0001000100000001
1010001011011001
0101001000100000
0110000100010010
1010001100000001
0111001100110001
1010001001101010
1101001000110000
1010001011011010
0101000100100000
0001000100000001
1010001011011100
0101001000100000
0110000100010010
1010001100000001
0111001100110001
1010001001010011
1101001000110000
1010000111001011
0101000100010000
1010001011001010
0101010000100000
1010001101101110
1011001101000000
0000000101000000
1010010001010111
1011010000000000
1010001011001010
0101000100100001
1010001011001011
0101000000100001
0101010001110000
0000010001000001
1010001100001000
0111001100110100
1010001011111000
1101001000110000
1010000101000000
0000000100010111
0101010100010000
1000000100000001
0101010100010001
1000011100000001
1010000110000000
1010001001111100
1101001000010111
1010011101000000
0101010001110001
1010000110000000
1011000100000000
1010001011001011
0101000100100001
1010001011001010
0101000000100001
1010010101000000
0000010101010111
0101010101010000
0000010101010001
1010001100001000
0111001100110101
1010001011111000
1101001000110000
0101010001110000
1000011100000001
1010000110000000
1010001001111100
1101001000010111
1010011101000000
0101010001110001
1010001001000000
0000001000100111
0101010100100001
0000000101010101
0000000100010001
1010001000000100
0111001000100100
1010001110001000
1101001100100000
1010001110001001
1011001100000000
1000000100000001
1010001100100000
0000001100110001
0101001100110000
1000000111100000
1010001000000011
0111001000100100
0101001000100000
0110001000100011
0101001000010001
1010001100111111
0111001100110001
0101001000110001
1000000100000010
0101001000010001
1000001100000010
0101001000110001
1010000111001100
0101011100010001
1010000100000100
0000000100010100
0101000100010000
1010001011000000
0000001100100101
0101001000110000
0111001000100001
1010011111111000
1101011100100000
0101001000110000
0110001000100001
0101001000110001
1010000111001100
0101011100010000
1010000111000010
1011000100000000
1010000111001110
0101000100010000
0001001101000001
1010001011001111
0101001000100000
0001011101010010
0110001100110111
1010011110111001
1101011100110000
1101011100000011
1010001111001101
0101010000110000
1000010000000001
0101010000110001
1010001111100000
0000010000100010
0000010001000011
1010001100000100
1010010110111111
1101010100110001
1010010000000011
0111010001000001
0101010001000000
0001000101110110
1010001011000110
1001001000010000
1000000101000000
1010001011001101
0101001000100000
1010001111110110
1101001100100001
0101010001100000
1010010101000000
0000010101010110
0101010101010000
1000011000000001
1010000110000000
1010001011010011
1101001000010110
1010011001000000
1010000111000000
0000000100010101
0101001000010000
1010001100000100
0000001100110100
0101001100110000
0001001100000011
0111001000100011
0101001000010001
0000000101010101
0000000100010001
1010001000000100
0111001000100100
1010001111100100
1101001100100000
1010001111100101
1011001100000000
1000000100000001
1010001100100000
0000001100110001
0101001100110000
1000000111100000
1010001000000011
0111001000100100
0101001000100000
1100001011111111
0111001000100011
0101001000010001
1010001100111111
0111001100110001
0101001000110001
1000000100000010
0101001000010001
1000001100000010
0101001000110001
1010000100110110
1011000100000000
1010000111011110
0101001000010000
0001001000000010
0101001000010001
1010011111111101
1011011100000000
0000000000000000
0000000000000000
